H,g,350,350,300,850,850,350
H,d,350,350,600,850,850,650
V,e,300,350,350,350,600,600
H,a,250,250,300,300,300,350
H,dd,250,250,600,300,300,650
V,ee,200,350,350,250,600,600
H,aa,150,150,300,200,200,350
H,ddd,150,150,600,200,200,650
V,eee,100,350,350,150,600,600
V,f,850,350,350,900,600,600
H,aaa,50,50,300,100,100,350
H,dddd,50,0,600,100,100,650
V,b,0,50,100,50,350,300
V,c,0,300,350,50,650,600
H,h,900,900,300,1150,1150,350
V,i,1150,350,300,1200,600,650
V,ii,1150,100,50,1200,300,350
H,j,900,900,600,1150,1200,650
H,k,0,50,50,150,100,100
V,l,100,100,100,150,300,300
H,m,100,150,50,250,200,100
V,n,200,100,100,250,300,300
H,o,200,250,50,350,300,100
V,p,300,100,100,350,300,300
H,q,300,350,50,900,850,100
V,r,850,100,100,900,300,300
H,s,850,900,50,1200,1150,100
