H,g,350,350,300,850,850,350
H,gg,900,900,300,1150,1150,350
H,ggg,50,50,300,300,300,350
H,a,350,350,600,850,850,650
H,aa,50,50,600,300,300,650
H,aaa,900,900,600,1150,1150,650
H,b,0,50,50,350,300,100
H,bb,300,350,50,900,850,100
H,bbb,850,900,50,1200,1150,100
V,c,300,350,350,350,600,600
V,d,850,350,350,900,600,600
V,dd,1150,350,350,1200,600,600
V,ddd,0,350,350,50,600,600
V,e,0,50,100,50,300,300
V,ee,300,100,100,350,300,300
V,eee,850,100,100,900,300,300
V,eeee,1150,100,50,1200,300,300
H,x,50,50,300,100,100,350
V,y,0,290,290,50,350,300
V,z,0,300,350,50,360,360
V,j,0,590,590,50,650,600
H,k,50,0,600,60,60,650
